460
444
459
462
476
417
442
381
430
474
391
412
452
424
466
430
429
438
450
502
378
423
411
397
448
406
432
432
467
426
386
473
430
387
434
450
468
474
395
405
383
446
455
432
456
447
475
427
423
464
436
426
438
415
416
460
387
411
427
420
524
441
409
372
454
418
437
464
434
412
421
414
428
463
335
407
436
443
470
454
419
403
377
448
444
493
409
451
428
390
446
434
417
468
439
449
426
410
440
451
397
442
425
450
378
471
450
448
468
447
449
429
436
409
413
403
431
450
498
460
416
454
457
442
432
413
435
445
474
463
473
408
461
466
422
411
431
436
453
416
463
389
448
459
429
482
410
477
413
456
434
444
422
422
495
425
482
453
446
441
439
430
455
430
496
412
454
468
428
433
449
396
440
453
445
466
465
439
399
465
449
430
478
467
393
417
508
444
495
402
435
428
410
410
423
411
480
457
454
440
416
410
445
444
436
445
432
458
419
421
464
447
432
380
448
460
433
437
470
388
452
413
438
449
445
419
461
465
440
434
444
440
437
412
419
440
440
428
475
443
482
465
404
399
424
457
466
419
466
398
473
451
