525
544
564
523
550
594
572
606
580
556
490
556
531
559
533
485
510
554
550
510
631
528
582
567
553
557
541
620
549
531
558
488
484
533
562
515
495
497
523
585
583
540
519
509
541
475
541
485
524
521
530
453
529
510
545
495
566
459
485
499
561
543
538
509
482
468
519
510
526
522
555
491
552
478
486
477
554
446
419
478
557
525
530
576
485
494
528
520
508
529
505
568
554
542
546
528
497
533
511
527
544
510
497
500
548
475
529
483
522
517
558
535
567
495
506
507
476
515
543
520
756
724
524
557
521
537
492
531
661
502
521
523
513
545
525
504
841
523
526
551
700
562
535
502
526
713
688
513
547
542
574
700
507
550
514
553
509
668
554
524
493
731
514
510
474
630
565
633
521
503
455
569
466
472
506
553
504
539
550
536
469
486
584
534
544
533
511
471
723
497
470
526
466
480
544
510
564
563
530
503
535
498
541
474
512
468
579
569
546
472
519
520
553
630
477
461
515
503
525
521
500
549
557
518
511
474
563
487
548
451
502
508
458
508
530
492
522
531
592
541
508
561
514
493
499
483
536
505
476
559
509
521
