0.014
0.024
0.007
0.018
0.018
0.015
0.007
0.009
0.025
0.017
0.006
0.014
0.006
0.033
0.007
62.527
62.506
62.512
62.518
62.507
62.509
62.520
62.506
62.510
62.504
0.018
0.016
0.011
0.011
0.012
0.014
0.010
0.013
0.013
0.006
0.010
0.009
0.007
0.006
0.014
0.009
0.015
0.010
0.056
0.006
0.005
0.045
0.008
0.007
0.007
0.013
0.019
0.019
0.058
0.012
0.026
0.012
0.080
0.020
0.005
0.027
0.015
0.010
0.033
0.014
0.016
0.025
0.020
0.041
0.008
0.011
0.006
0.009
0.008
0.012
0.009
0.023
0.034
0.016
0.018
0.006
0.007
0.008
0.029
0.008
0.028
0.008
0.013
0.013
0.033
0.019
0.007
0.008
0.005
0.029
0.011
0.007
0.019
0.006
0.015
0.038
0.005
62.540
62.510
62.546
62.508
62.518
62.509
62.514
62.508
62.515
62.511
62.508
0.014
0.014
0.015
0.008
0.014
0.008
0.059
0.012
0.005
0.037
0.007
0.027
0.265
0.028
0.011
0.054
0.010
0.015
0.023
0.005
0.011
0.034
0.017
0.014
0.018
0.012
0.020
0.006
0.008
0.022
0.010
0.010
0.010
0.017
0.016
0.008
0.019
0.021
0.013
0.010
0.011
0.006
0.008
0.010
0.014
0.007
0.014
0.013
0.010
0.006
0.027
0.008
0.008
0.016
0.007
0.010
0.057
0.009
0.009
0.011
0.017
0.007
0.031
0.008
0.020
0.039
0.008
0.014
0.006
0.006
0.021
0.007
0.006
0.012
0.011
0.039
62.520
62.510
62.509
62.510
62.508
62.510
62.509
62.509
62.505
62.520
0.007
0.011
0.049
0.010
0.006
0.015
0.012
0.013
0.007
0.006
0.007
0.016
0.006
0.012
0.010
0.007
0.012
0.005
0.021
0.011
0.007
0.016
0.005
0.005
0.007
0.010
0.013
0.014
0.013
0.010
0.010
0.022
0.005
0.008
0.016
0.007
0.006
0.009
0.006
0.009
0.007
0.016
0.005
0.008
0.006
0.022
0.010
0.004
0.022
0.009
0.009
0.008
0.005
