533
573
538
565
552
589
512
533
556
604
574
486
503
559
567
505
580
498
497
561
595
519
564
459
529
544
537
548
602
489
554
575
568
562
511
596
557
562
566
536
507
574
584
490
523
498
561
528
511
614
562
553
535
559
607
510
486
533
541
544
558
572
560
573
557
509
579
531
459
508
508
568
609
572
552
519
518
549
613
532
565
517
586
507
580
596
527
556
560
512
622
498
554
529
572
550
584
475
457
554
524
548
520
557
580
541
562
564
527
568
621
544
576
550
564
530
543
519
536
489
512
564
516
576
556
591
524
476
600
573
563
544
535
545
532
512
532
602
480
573
523
579
581
565
558
577
523
443
580
573
518
518
579
565
519
533
580
541
596
619
570
516
526
631
559
562
588
570
566
486
545
605
577
578
617
487
521
588
546
527
485
574
576
491
642
567
491
622
554
598
556
512
542
507
493
575
519
467
590
589
566
636
611
526
525
548
534
434
584
556
516
547
539
559
555
496
545
563
576
635
558
569
545
521
561
565
621
581
593
507
612
580
574
644
650
542
520
514
526
580
582
604
594
521
549
546
551
563
515
557
526
715
