0.022
0.010
0.009
0.298
0.005
0.017
0.008
0.010
0.013
0.009
0.010
0.009
0.047
0.052
0.007
0.019
0.011
0.056
0.045
0.007
0.015
0.014
0.009
0.009
0.015
0.011
0.009
0.011
0.013
0.065
0.019
0.014
0.015
0.012
0.042
0.008
0.020
0.006
0.026
0.011
0.027
0.009
0.032
0.030
0.039
0.008
0.074
0.015
0.004
0.014
0.401
0.004
0.016
0.011
0.010
0.016
0.020
0.009
0.047
0.018
0.011
0.051
0.014
0.033
0.031
0.013
0.022
0.022
0.004
0.027
0.011
0.011
0.008
0.033
0.032
62.508
62.507
62.525
62.509
62.505
62.519
62.515
62.518
62.505
0.009
0.048
0.008
0.007
0.033
0.006
0.123
0.015
0.009
0.005
0.005
0.012
0.012
0.019
0.008
0.007
0.013
0.012
0.014
0.035
0.010
0.009
0.006
0.010
0.006
0.017
0.009
0.021
0.005
0.027
0.014
0.007
0.030
0.008
0.007
0.009
0.022
0.027
0.011
0.008
0.007
0.018
0.008
0.007
0.032
0.006
0.010
0.020
0.007
0.014
0.008
0.005
0.015
0.030
0.008
0.013
0.029
0.011
0.017
0.024
0.009
0.068
0.035
0.042
0.010
0.044
0.091
0.018
0.009
0.007
0.084
0.010
0.011
0.037
0.025
0.009
62.510
62.506
62.506
62.519
62.512
62.525
62.505
62.513
62.526
62.510
0.005
0.008
0.012
0.008
0.005
0.016
0.015
0.076
0.004
0.008
0.038
0.010
0.005
0.020
0.032
0.142
0.011
0.012
0.008
0.011
0.008
0.014
0.009
0.021
0.009
0.007
0.007
0.010
0.004
0.016
0.018
0.014
0.035
0.012
0.004
0.012
0.085
0.008
0.006
0.010
0.012
0.015
0.010
0.024
0.018
0.006
0.012
0.016
0.021
0.017
0.012
0.016
0.022
0.013
0.006
0.014
0.006
0.073
0.015
0.006
0.012
0.011
0.007
0.020
0.007
0.011
0.012
0.013
0.013
0.015
0.040
0.007
0.008
0.016
0.005
0.040
62.515
62.505
62.510
62.509
62.507
62.511
