459
533
498
485
524
529
485
496
542
491
514
546
482
542
546
538
588
507
462
538
489
532
533
487
483
510
542
555
530
519
534
487
576
643
594
616
490
603
509
521
562
500
561
585
564
528
553
514
524
519
604
517
500
510
504
523
553
521
557
472
541
525
550
498
523
546
496
577
506
546
509
599
538
502
501
583
561
548
479
502
556
465
577
484
579
516
458
523
553
493
579
546
487
532
554
536
490
525
542
539
544
555
528
508
471
591
540
567
560
505
580
496
477
487
488
500
606
512
594
562
484
553
551
521
557
487
559
633
533
556
464
536
559
483
494
488
544
479
594
487
537
487
477
516
500
516
536
547
484
531
542
559
533
569
505
442
533
488
526
531
560
581
509
476
551
577
568
534
533
518
543
550
584
532
581
541
473
575
559
537
475
530
570
515
555
517
530
636
447
501
535
551
506
537
560
555
519
540
517
430
573
529
495
505
569
489
556
577
505
527
594
667
575
530
561
554
784
529
572
529
525
596
596
535
542
522
517
519
556
752
496
482
712
482
563
528
538
623
523
572
561
529
528
583
533
475
558
512
500
565
620
508
