0.012
62.525
62.534
62.523
62.506
62.518
62.513
62.548
62.509
62.515
62.522
0.053
0.018
0.011
0.014
0.019
0.015
0.007
0.016
0.007
0.008
0.006
0.008
0.010
0.012
0.018
0.016
0.018
0.019
0.008
0.006
0.015
0.004
0.028
0.007
0.016
0.009
0.016
0.009
0.025
0.011
0.013
0.021
0.009
0.011
0.011
0.006
0.011
0.014
0.020
0.020
0.004
0.007
0.019
0.007
0.013
0.009
0.019
0.006
0.035
0.006
0.015
0.005
0.007
0.008
0.014
0.013
0.007
0.007
0.020
0.011
0.007
0.013
0.008
0.027
0.022
0.012
0.018
0.014
0.006
0.010
0.005
0.024
0.012
0.007
0.022
0.013
0.013
62.515
62.513
62.510
62.527
62.506
62.512
62.512
62.517
62.523
62.507
0.020
0.006
0.006
0.004
0.007
0.008
0.061
0.005
0.009
0.020
0.013
0.010
0.017
0.021
0.008
0.008
0.010
0.005
0.007
0.022
0.008
0.008
0.009
0.007
0.010
0.012
0.010
0.010
0.005
0.008
0.008
0.013
0.010
0.006
0.009
0.291
0.008
0.007
0.014
0.007
0.007
0.005
0.007
0.010
0.023
0.006
0.007
0.011
0.011
0.009
0.005
0.014
0.011
0.004
0.018
0.007
0.011
0.009
0.008
0.006
0.013
0.055
0.063
0.007
0.009
0.007
0.005
0.005
0.010
0.008
0.013
0.012
0.005
0.006
0.006
0.021
0.007
62.508
62.514
62.521
62.506
62.507
62.512
62.509
62.506
62.507
0.008
0.005
0.007
0.022
0.007
0.013
0.006
0.005
0.016
0.006
0.007
0.007
0.013
0.019
0.006
0.006
0.010
0.020
0.007
0.008
0.008
0.025
0.007
0.009
0.035
0.009
0.009
0.008
0.005
0.005
0.004
0.008
0.004
0.006
0.007
0.010
0.010
0.014
0.009
0.014
0.018
0.008
0.007
0.008
0.023
0.014
0.003
0.010
0.008
0.013
0.010
0.008
0.005
0.017
0.004
0.007
0.012
0.009
0.009
0.006
0.010
0.008
0.043
0.010
0.007
0.008
0.007
0.008
