18.852
16.016
12.714
13.194
76.103
76.652
77.131
78.484
77.991
75.131
78.222
80.352
75.694
74.987
15.584
17.693
15.694
15.254
17.268
15.153
20.059
17.396
12.209
16.934
14.711
17.175
17.982
14.648
16.192
15.891
17.447
15.564
15.046
16.585
14.743
16.440
16.631
16.328
17.253
17.520
14.715
13.263
16.959
16.188
15.457
16.977
16.542
14.273
17.200
17.762
15.513
15.193
17.038
16.958
14.607
17.385
16.443
17.746
19.427
16.996
16.994
14.145
15.497
15.316
19.703
17.867
17.836
16.609
17.258
20.649
17.452
13.778
16.723
15.644
16.835
18.641
18.887
15.712
16.673
18.030
17.454
16.118
16.160
16.064
17.581
18.921
17.888
18.924
17.095
78.461
78.728
78.086
78.892
74.383
77.101
78.679
79.389
79.062
19.252
18.172
17.314
16.160
18.055
17.390
18.852
18.521
18.808
19.358
20.070
17.364
17.117
17.158
18.262
19.656
20.344
16.664
18.895
19.249
18.508
18.491
18.728
17.638
18.810
17.618
21.032
19.665
19.453
19.183
21.053
20.831
19.558
18.680
18.439
19.662
19.215
18.193
21.268
20.266
18.367
18.972
19.032
19.779
18.315
19.222
20.329
19.774
19.072
20.621
19.684
18.828
18.733
19.192
21.141
19.738
20.867
18.361
19.442
20.656
21.589
21.412
20.956
20.471
20.178
20.308
19.978
20.130
22.114
21.147
19.502
19.652
20.445
21.506
20.302
21.793
21.315
80.943
83.648
78.861
78.238
79.698
79.062
84.119
84.002
82.588
82.784
21.518
22.740
22.611
22.775
20.649
20.314
22.452
21.779
21.903
21.934
23.448
24.088
22.617
25.303
21.082
20.889
20.764
22.539
22.389
22.983
23.141
24.249
21.858
21.673
21.865
21.595
23.587
24.197
24.200
20.710
27.234
26.738
23.075
21.966
21.264
21.358
22.880
23.628
24.075
21.478
26.597
26.962
23.096
20.291
21.524
22.225
22.668
24.311
24.588
21.999
28.067
22.442
22.787
21.793
22.148
22.742
22.627
23.893
22.437
21.994
27.250
22.356
22.229
21.835
21.553
22.989
23.675
