503
435
459
459
438
425
435
450
454
437
388
423
478
452
454
404
436
448
487
447
484
423
421
404
460
396
462
414
404
419
442
482
462
474
458
445
466
433
480
401
435
486
429
440
379
448
386
496
424
439
430
440
472
441
449
429
436
444
402
430
426
477
436
424
473
431
475
471
483
464
432
464
430
436
427
401
453
434
438
409
458
411
439
485
444
396
442
457
450
473
468
433
483
423
474
442
450
428
422
463
474
468
460
440
459
479
480
454
438
406
469
415
377
458
444
448
451
468
399
428
429
516
471
420
394
424
422
450
434
435
422
456
489
418
491
489
415
463
415
421
466
464
528
470
467
388
435
439
435
473
429
429
428
471
449
429
459
447
449
442
427
384
426
423
466
387
447
425
442
407
456
392
445
458
466
449
488
447
466
412
423
510
399
483
434
438
611
462
459
428
466
472
439
389
445
411
454
515
423
482
407
396
436
467
397
500
467
492
492
418
453
388
365
420
525
472
451
474
416
408
471
457
435
493
466
482
431
499
457
486
485
495
487
584
587
728
521
454
508
515
509
470
482
428
426
519
471
480
457
469
502
430
