481
444
479
493
461
463
475
496
479
468
468
480
468
488
455
475
469
462
457
471
503
573
442
446
475
468
480
462
441
447
452
460
448
482
468
447
438
453
469
486
448
480
492
484
450
480
428
431
478
464
458
467
465
478
465
511
506
442
434
437
469
499
463
468
446
430
499
489
472
445
417
477
430
469
465
507
465
452
458
452
448
491
430
454
442
426
485
442
475
424
495
457
434
535
472
475
465
374
468
444
442
476
445
478
433
422
494
483
503
470
464
453
470
490
445
446
460
487
503
470
493
485
420
465
499
436
469
465
475
432
485
476
466
437
392
466
493
451
445
459
491
484
474
485
466
474
462
459
504
433
474
436
452
496
526
429
452
489
505
500
465
470
466
425
523
437
464
473
539
467
457
426
487
500
466
432
481
447
470
429
501
466
488
495
592
527
471
514
481
485
472
425
436
423
530
422
415
461
419
473
441
458
454
469
494
416
485
497
476
424
524
551
468
486
431
494
456
433
502
487
443
464
503
705
469
500
514
486
472
495
494
518
555
469
470
495
610
516
484
488
459
545
486
517
475
714
475
468
479
494
517
708
