0.004
0.017
62.504
62.506
62.502
62.505
62.503
62.506
62.505
62.507
62.513
62.507
0.005
0.007
0.004
0.007
0.007
0.005
0.008
0.009
0.005
0.006
0.011
0.005
0.012
0.005
0.005
0.009
0.005
0.006
0.013
0.006
0.005
0.006
0.003
0.008
0.006
0.006
0.006
0.004
0.004
0.007
0.004
0.008
0.005
0.019
0.006
0.008
0.025
0.007
0.004
0.018
0.009
0.004
0.005
0.006
0.003
0.006
0.004
0.007
0.005
0.029
0.007
0.004
0.004
0.005
0.007
0.003
0.006
0.003
0.003
0.007
0.005
0.009
0.002
0.007
0.004
0.004
0.003
0.012
0.011
0.011
0.007
0.005
0.004
0.004
0.005
0.013
0.005
0.005
62.505
62.505
62.507
62.503
62.503
62.504
62.519
62.509
62.503
62.508
0.004
0.005
0.008
0.007
0.011
0.004
0.007
0.010
0.011
0.011
0.005
0.006
0.005
0.006
0.008
0.005
0.007
0.005
0.004
0.012
0.008
0.007
0.006
0.008
0.010
0.012
0.007
0.005
0.021
0.003
0.012
0.007
0.004
0.012
0.009
0.009
0.022
0.006
0.006
0.011
0.004
0.030
0.009
0.004
0.006
0.005
0.015
0.008
0.004
0.006
0.005
0.007
0.004
0.006
0.013
0.004
0.011
0.005
0.005
0.006
0.011
0.011
0.005
0.011
0.004
0.004
0.024
0.002
0.008
0.005
0.008
0.010
0.004
0.006
0.005
0.008
62.511
62.507
62.506
62.507
62.506
62.505
62.578
62.507
62.503
62.504
62.507
0.004
0.023
0.004
0.007
0.004
0.006
0.005
0.015
0.008
0.007
0.012
0.006
0.005
0.013
0.005
0.009
0.149
0.004
0.005
0.005
0.004
0.009
0.007
0.010
0.008
0.005
0.004
0.013
0.004
0.010
0.005
0.009
0.005
0.004
0.008
0.009
0.005
0.014
0.009
0.008
0.006
0.005
0.005
0.075
0.024
0.126
0.005
0.009
0.005
0.009
0.007
0.008
0.051
0.009
0.005
0.008
0.008
0.007
0.008
0.003
0.007
0.006
0.007
0.006
0.007
