0.015
0.006
0.020
0.040
0.011
0.008
0.003
0.008
0.010
0.014
0.085
0.023
0.008
0.035
0.017
0.017
0.009
0.148
0.012
0.008
0.016
0.069
0.010
0.014
0.015
0.015
0.028
0.011
0.018
0.011
0.011
0.006
0.009
0.008
0.034
0.005
0.009
0.008
0.016
0.006
0.011
0.011
0.012
0.009
0.007
0.007
0.008
0.008
0.010
0.068
62.512
62.505
62.508
62.515
62.523
62.509
62.506
62.508
62.519
62.506
0.005
0.017
0.008
0.007
0.010
0.006
0.010
0.006
0.022
0.012
0.010
0.011
0.017
0.009
0.031
0.014
0.011
0.006
0.010
0.032
0.009
0.007
0.007
0.010
0.018
0.017
0.012
0.012
0.006
0.008
0.008
0.011
0.010
0.042
0.015
0.007
0.006
0.007
0.017
0.012
0.010
0.015
0.008
0.006
0.004
0.026
0.009
0.005
0.023
0.024
0.006
0.009
0.013
0.017
0.008
0.017
0.009
0.007
0.006
0.009
0.011
0.010
0.012
0.012
0.015
0.012
0.018
0.006
0.013
0.023
0.019
0.004
0.010
0.054
0.017
62.509
62.506
62.517
62.507
62.507
62.518
62.507
62.505
62.507
62.513
0.011
0.007
0.007
0.020
0.021
0.010
0.009
0.011
0.007
0.009
0.058
0.016
0.019
0.032
0.012
0.017
0.031
0.011
0.013
0.012
0.010
0.006
0.005
0.012
0.012
0.009
0.011
0.004
0.006
0.015
0.007
0.010
0.012
0.017
0.008
0.006
0.005
0.013
0.011
0.023
0.006
0.013
0.005
0.018
0.030
0.005
0.009
0.018
0.010
0.010
0.020
0.014
0.016
0.007
0.005
0.006
0.007
0.014
0.007
0.021
0.022
0.014
0.010
0.008
0.013
0.006
0.005
0.018
0.023
0.005
0.006
0.008
0.005
0.021
0.013
0.011
62.506
62.505
62.505
62.507
62.516
62.511
62.515
62.511
62.509
62.511
0.007
0.009
0.007
0.014
0.007
0.007
0.008
0.006
0.006
0.009
0.006
0.017
0.005
0.007
0.007
0.004
0.015
0.005
0.011
0.037
0.008
