0.008
0.005
0.011
0.020
0.053
0.009
0.020
0.023
0.032
0.023
0.010
0.004
0.024
0.014
0.007
0.007
0.018
0.009
0.005
0.006
0.014
0.036
0.021
0.029
0.006
0.008
0.010
0.012
0.017
0.004
0.010
62.507
62.524
62.513
62.510
62.507
62.525
62.506
62.530
62.538
62.516
0.008
0.058
0.010
0.024
0.018
0.020
0.010
0.008
0.017
0.063
0.008
0.039
0.006
0.016
0.014
0.033
0.008
0.031
0.012
0.018
0.025
0.009
0.061
0.009
0.018
0.012
0.009
0.007
0.005
0.007
0.010
0.010
0.005
0.010
0.008
0.113
0.007
0.004
0.009
0.010
0.011
0.042
0.039
0.006
0.022
0.010
0.006
0.006
0.005
0.007
0.007
0.018
0.009
0.009
0.005
0.019
0.006
0.008
0.015
0.021
0.009
0.008
0.009
0.007
0.006
0.671
0.015
0.007
0.015
0.012
0.024
0.008
0.009
0.005
0.018
0.020
0.009
62.544
62.517
62.505
62.510
62.518
62.510
62.508
62.506
62.509
62.511
0.009
0.009
0.005
0.005
0.018
0.011
0.010
0.006
0.606
0.040
0.006
0.008
0.008
0.013
0.019
0.010
0.006
0.007
0.009
0.005
0.005
0.014
0.010
0.007
0.007
0.167
0.006
0.014
0.032
0.007
0.004
0.011
0.007
0.006
0.031
0.007
0.024
0.015
0.005
0.004
0.005
0.022
0.008
0.009
0.006
0.007
0.012
0.009
0.006
0.004
0.011
0.005
0.007
0.006
0.008
0.013
0.007
0.010
0.019
0.004
0.007
0.015
0.006
0.006
0.008
0.007
0.011
0.009
0.010
0.004
0.005
0.006
0.005
0.012
0.003
0.007
0.009
0.010
62.508
62.505
62.508
62.509
62.504
62.505
62.524
62.506
62.508
62.504
0.007
0.005
0.008
0.007
0.007
0.014
0.007
0.109
0.007
0.004
0.004
0.006
0.012
0.005
0.006
0.006
0.026
0.006
0.006
0.124
0.019
0.007
0.003
0.016
0.007
0.008
0.007
0.010
0.005
0.006
0.035
0.016
0.008
0.007
0.003
0.008
