1.557
1.777
2.164
1.846
1.853
1.307
1.125
1.381
0.928
1.087
2.115
2.174
2.230
1.840
1.827
1.630
1.095
1.649
1.190
1.082
2.215
2.295
1.775
1.681
1.870
1.990
1.669
1.390
1.178
2.327
1.853
1.794
1.571
1.679
1.486
1.715
1.746
1.213
1.018
64.538
64.370
64.965
63.954
64.226
64.036
64.112
64.240
63.760
63.184
2.089
1.736
1.858
1.439
1.992
1.544
1.672
1.524
1.135
1.184
1.861
1.633
1.467
1.950
2.479
2.066
1.997
1.467
1.318
1.353
1.400
2.009
1.843
2.068
2.064
2.010
2.038
1.634
1.301
1.331
1.470
1.988
1.639
2.237
2.186
2.163
1.711
1.449
1.489
1.225
1.309
1.615
1.723
2.195
2.560
2.236
1.837
1.697
1.615
1.229
0.989
1.343
1.630
1.931
1.931
2.586
1.876
1.541
1.435
1.339
0.840
1.567
1.516
1.807
1.807
2.895
2.244
1.974
1.479
1.185
0.925
1.613
1.659
1.396
2.700
2.384
2.191
1.964
1.721
64.045
63.682
63.768
64.116
64.037
64.788
65.067
64.562
64.306
63.987
1.726
1.571
1.546
1.062
1.499
2.354
2.208
2.552
2.216
1.772
1.600
1.579
1.246
1.470
1.545
1.939
1.762
2.397
2.315
1.762
1.321
1.565
1.589
1.566
1.468
1.528
1.969
2.570
1.777
1.492
1.838
1.510
1.329
1.381
1.326
1.739
1.904
1.912
1.979
1.493
1.522
2.020
1.350
1.621
1.411
1.472
1.763
1.945
1.933
1.582
1.621
1.687
1.180
1.505
1.553
1.595
1.670
2.186
1.878
1.906
1.582
1.784
1.551
1.834
1.642
1.576
1.932
1.957
1.786
2.131
2.031
1.706
2.875
2.677
2.186
1.778
2.352
2.106
64.823
64.336
64.118
64.230
63.783
64.159
64.267
63.690
64.361
1.976
2.133
1.793
1.529
4.286
2.963
3.167
3.213
1.957
3.156
2.939
3.727
2.409
1.893
3.354
11.379
11.277
10.517
8.257
6.796
6.948
7.031
5.695
5.310
16.218
15.445
13.663
