19.930
20.434
79.892
84.648
84.580
84.307
83.894
81.699
79.033
81.211
84.067
84.592
23.116
22.878
22.387
20.579
22.610
22.978
23.990
23.987
20.107
22.907
23.762
25.604
20.171
19.366
23.482
21.832
25.257
23.493
20.233
23.179
22.823
23.891
21.660
19.158
22.636
25.937
25.094
23.824
18.387
22.173
21.560
24.559
23.633
21.258
22.876
24.773
23.247
24.891
21.654
19.495
19.503
21.595
24.651
23.750
22.362
21.952
23.377
25.276
18.939
18.502
23.312
20.218
25.272
20.076
20.878
22.181
23.147
21.706
18.042
22.393
24.629
23.138
24.447
19.624
22.151
23.195
24.518
26.348
21.526
20.280
20.932
25.726
22.749
21.283
19.785
19.342
23.013
84.846
79.437
82.376
83.647
88.131
82.244
83.911
77.727
78.695
84.159
21.618
23.938
20.749
22.595
21.805
21.268
20.734
20.935
21.497
24.302
21.225
19.449
21.474
19.932
20.679
20.453
24.269
21.993
24.302
21.269
20.940
18.447
20.301
20.474
22.771
20.132
21.093
24.684
21.469
23.196
21.620
18.213
19.137
20.794
22.667
18.629
18.362
21.486
17.951
21.190
25.525
18.549
20.978
21.684
24.933
19.868
18.065
19.115
20.047
21.055
24.353
16.832
19.024
25.879
24.226
20.180
18.621
19.216
19.974
28.138
19.824
18.914
19.491
18.823
20.437
19.361
19.100
22.094
18.324
25.358
23.357
17.572
19.922
17.561
19.379
81.288
79.207
81.618
78.715
88.247
79.071
75.795
82.166
83.870
82.196
19.969
21.447
20.679
22.148
26.314
21.400
19.317
20.776
21.613
21.165
19.902
21.298
21.419
21.295
24.002
23.344
22.159
23.436
25.136
24.512
22.736
20.064
22.516
22.176
23.130
23.342
22.672
22.585
22.686
25.734
22.448
21.601
22.024
25.913
23.586
20.991
22.942
23.410
22.275
26.763
24.597
21.700
24.336
27.720
24.624
23.571
24.281
25.925
24.559
25.529
23.081
24.537
25.006
27.396
24.967
25.632
25.298
26.420
25.927
29.259
27.663
29.046
28.467
31.326
25.572
26.745
26.508
28.478
