454
423
412
431
444
404
569
431
440
415
504
425
439
387
488
453
483
410
397
437
441
412
424
449
452
432
446
434
475
449
416
426
388
422
445
430
481
424
416
456
437
451
430
419
426
445
506
459
470
409
451
425
413
438
418
494
470
460
472
407
406
399
451
425
423
436
405
473
392
443
420
458
409
426
391
418
416
455
443
436
410
436
429
444
422
394
445
453
406
446
497
459
453
415
486
402
439
424
470
418
486
433
387
406
449
424
396
450
448
456
496
436
417
435
429
470
459
463
444
432
404
379
483
425
405
377
446
470
432
417
458
476
457
453
470
438
418
412
445
441
407
452
453
432
379
411
446
395
449
459
438
465
493
459
446
406
427
433
412
392
463
509
414
451
484
457
443
455
435
419
406
415
442
379
433
455
442
439
443
455
446
451
426
484
416
495
441
458
447
459
439
446
408
417
408
395
428
447
375
394
461
420
423
427
373
422
410
412
418
412
439
439
441
459
450
432
441
443
438
417
399
458
393
392
473
408
453
416
423
455
496
412
456
383
436
420
459
414
433
419
405
447
448
431
422
408
424
419
450
429
425
417
