0.011
0.080
0.018
0.004
0.010
0.008
0.005
0.008
0.014
0.006
0.018
0.004
0.007
0.007
0.010
0.036
0.005
0.011
0.010
62.510
62.510
62.517
62.513
62.508
62.513
62.512
62.510
62.509
62.508
0.037
0.006
0.017
0.036
0.070
0.009
0.007
0.016
0.008
0.016
0.006
0.009
0.013
0.009
0.006
0.009
0.017
0.017
0.005
0.036
0.011
0.015
0.009
0.129
0.012
0.011
0.012
0.016
0.030
0.004
0.019
0.014
0.013
0.015
0.022
0.015
0.010
0.010
0.007
0.005
0.013
0.032
0.010
0.014
0.004
0.012
0.006
0.011
0.037
0.015
0.019
0.013
0.009
0.011
0.010
0.011
0.006
0.117
0.019
0.007
0.006
0.011
0.011
0.009
0.010
0.008
0.005
0.019
0.005
0.007
0.042
0.017
0.016
0.028
0.015
0.013
62.618
62.516
62.506
62.508
62.508
62.513
62.513
62.509
62.514
62.506
0.018
0.015
0.009
0.010
0.040
0.007
0.021
0.013
0.018
0.015
0.006
0.005
0.011
0.015
0.005
0.005
0.031
0.006
0.005
0.007
0.010
0.005
0.011
0.006
0.009
0.014
0.011
0.009
0.003
0.009
0.014
0.012
0.018
0.006
0.005
0.010
0.009
0.004
0.007
0.005
0.015
0.005
0.013
0.018
0.012
0.011
0.011
0.015
0.007
0.012
0.009
0.007
0.031
0.019
0.015
0.006
0.008
0.006
0.012
0.006
0.005
0.026
0.009
0.011
0.013
0.009
0.008
0.021
0.006
0.004
0.010
0.015
0.009
0.005
0.030
0.025
0.017
0.005
0.016
62.507
62.508
62.504
62.509
62.515
62.508
62.506
62.526
62.506
62.511
0.008
0.013
0.006
0.006
0.006
0.020
0.010
0.017
0.016
0.006
0.006
0.004
0.010
0.012
0.018
0.030
0.009
0.014
0.006
0.009
0.004
0.005
0.007
0.006
0.006
0.031
0.011
0.006
0.009
0.005
0.041
0.013
0.007
0.015
0.007
0.017
0.016
0.008
0.009
0.030
0.011
0.009
0.006
0.012
0.028
0.004
0.008
0.007
