519
464
583
556
525
592
510
484
480
577
503
483
539
431
477
566
529
540
532
572
529
556
567
518
498
476
665
504
513
563
512
506
554
547
543
518
477
603
475
486
509
517
569
579
575
546
515
580
586
539
537
550
484
530
541
561
443
523
511
526
552
527
430
455
543
497
520
512
554
518
490
554
537
498
548
578
562
504
555
554
497
520
539
559
576
513
525
537
571
481
506
517
540
528
509
612
508
504
482
462
525
514
484
490
525
491
494
560
504
589
433
469
451
526
465
478
471
457
546
528
592
486
522
523
540
512
565
507
463
479
479
561
526
465
489
487
611
557
546
462
579
487
495
553
591
495
501
526
545
473
559
487
470
473
466
546
491
513
522
504
565
527
557
522
518
537
488
546
537
453
538
512
494
505
513
511
517
548
575
529
469
555
545
564
527
531
492
472
499
530
465
530
540
551
547
542
510
570
503
516
515
523
531
526
550
559
589
585
576
582
485
503
529
516
529
539
519
503
529
567
532
565
507
543
545
549
522
580
526
613
562
588
564
569
509
556
525
503
570
589
548
496
551
597
539
488
590
635
517
1020
573
591
