4.884
5.301
5.589
5.101
5.304
5.308
6.018
5.344
5.883
5.422
6.145
4.804
5.482
5.219
5.814
5.433
6.257
4.834
5.819
5.313
5.403
5.701
5.165
5.544
67.963
67.372
67.617
67.515
69.674
67.967
67.972
66.813
67.943
68.221
4.833
4.936
5.213
5.262
5.645
5.467
5.506
4.393
4.570
5.464
5.038
4.849
6.057
6.100
6.108
6.042
4.910
4.955
5.853
5.689
5.258
4.784
5.944
4.947
5.641
6.727
5.885
5.857
5.677
5.452
5.888
4.961
6.810
4.941
5.702
7.159
6.034
6.747
5.498
5.698
5.483
4.749
6.497
5.177
5.363
5.744
5.909
5.471
4.039
5.733
5.130
5.871
6.301
5.210
5.665
6.420
5.335
6.388
4.979
5.886
5.692
5.832
5.804
5.276
5.299
5.987
5.817
6.118
6.280
5.989
5.646
6.418
6.072
6.197
5.271
6.618
66.934
67.649
67.486
68.133
67.806
68.383
68.675
69.202
68.245
69.249
6.955
7.141
5.434
5.397
5.078
5.336
5.561
6.088
4.977
5.945
6.205
7.085
5.897
6.986
6.736
5.664
10.369
6.816
6.080
7.865
6.407
11.397
10.189
10.403
9.534
9.961
11.301
9.062
8.212
9.832
8.179
11.397
10.922
10.806
9.107
11.995
10.430
9.461
7.867
10.336
8.872
11.822
12.651
10.956
11.753
10.845
9.007
9.101
7.726
9.334
9.157
10.971
10.930
11.043
11.476
10.668
8.903
11.205
9.652
10.776
10.457
12.593
12.070
11.131
13.606
12.931
12.777
13.066
11.446
11.314
13.327
13.210
12.329
13.776
13.913
12.294
72.255
73.250
73.475
73.111
74.698
74.786
73.912
73.132
74.952
74.085
12.928
11.203
11.574
11.031
12.135
12.787
11.139
12.388
12.738
11.052
11.238
11.236
12.216
11.533
13.076
11.807
12.744
11.068
13.253
11.711
12.293
11.130
13.858
11.874
12.040
12.180
12.635
13.084
13.261
12.996
11.025
14.268
12.356
11.672
11.869
11.876
11.546
13.332
13.666
11.668
11.633
14.216
12.333
11.468
10.864
10.724
