71.464
70.903
74.173
73.124
10.893
10.516
9.547
9.422
9.861
9.632
8.463
8.014
10.712
10.404
10.417
9.498
9.303
9.467
8.465
8.701
8.531
10.540
9.754
9.776
9.443
8.885
8.598
8.941
8.702
8.346
8.217
9.928
9.834
9.119
9.328
8.986
8.111
7.971
8.542
8.082
7.520
6.716
9.077
8.622
8.640
8.326
7.448
7.590
7.725
7.751
7.336
6.557
8.235
8.202
8.234
8.186
7.079
7.006
7.359
7.226
6.966
6.117
8.049
8.101
8.328
7.732
6.903
6.699
7.924
6.727
6.432
7.505
7.173
7.088
7.292
6.702
6.732
6.382
6.429
5.905
68.006
69.869
69.265
69.857
69.161
68.688
68.269
69.057
68.407
68.742
6.274
7.073
6.589
6.277
6.557
5.834
5.658
6.133
5.897
5.997
5.411
6.678
6.148
6.418
5.956
5.620
5.385
5.753
6.278
5.700
5.415
6.191
5.996
6.320
6.083
5.794
5.376
5.526
6.555
5.988
5.172
5.930
5.869
5.712
5.480
10.727
12.481
12.032
12.605
11.828
10.796
10.887
9.860
10.205
9.584
10.913
15.239
14.594
14.318
13.778
10.792
10.191
9.979
10.196
9.275
15.006
16.081
15.145
14.410
13.150
11.834
12.145
11.587
10.695
10.260
14.739
16.152
16.783
15.931
14.452
13.632
14.269
13.020
11.638
15.334
13.194
18.113
17.647
76.172
74.273
74.458
74.789
73.730
72.612
75.957
74.424
79.571
78.786
15.941
14.622
13.184
13.063
12.620
11.703
14.168
12.726
15.376
14.449
15.737
13.413
12.485
12.304
12.664
10.853
13.515
12.377
14.637
13.496
15.006
13.386
12.334
11.551
11.275
10.459
12.995
12.276
13.700
13.165
14.264
13.309
12.216
11.075
11.300
9.950
12.333
11.732
12.668
12.545
13.415
12.418
11.407
10.331
10.243
9.494
9.048
11.317
9.902
11.914
12.621
11.547
10.653
9.946
10.003
9.542
8.623
10.588
10.290
11.285
11.171
11.192
10.336
9.427
9.447
9.080
8.358
9.836
9.034
10.773
10.578
10.883
10.535
9.238
