0.057
0.008
0.018
0.025
0.037
0.014
0.008
0.008
0.052
0.029
0.013
0.014
0.019
0.013
0.010
0.011
0.018
0.058
0.032
0.020
0.013
0.011
0.010
0.012
0.006
0.015
0.011
0.006
0.046
0.012
0.008
0.010
0.015
0.011
0.013
0.013
0.016
0.010
0.015
0.025
0.018
0.009
0.014
62.512
62.509
62.510
62.510
62.505
62.524
62.523
62.508
62.513
62.507
0.013
0.005
0.020
0.005
0.009
0.009
0.014
0.014
0.016
0.016
0.013
0.005
0.018
0.011
0.221
0.012
0.027
0.007
0.009
0.019
0.017
0.006
0.019
0.014
0.013
0.005
0.007
0.021
0.009
0.012
0.013
0.008
0.015
0.005
0.008
0.010
0.011
0.014
0.007
0.010
0.005
0.026
0.009
0.017
0.010
0.018
0.010
0.008
0.010
0.008
0.187
0.010
0.014
0.007
0.010
0.022
0.011
0.008
0.009
0.013
0.014
0.011
0.026
0.016
0.015
0.005
0.010
0.009
0.004
0.006
0.008
0.005
0.014
0.005
0.008
0.011
0.006
62.513
62.515
62.538
62.505
62.511
62.509
62.509
62.508
62.509
62.509
0.027
0.014
0.009
0.005
0.005
0.006
0.009
0.005
0.007
0.010
0.013
0.007
0.006
0.014
0.004
0.007
0.010
0.006
0.008
0.004
0.015
0.010
0.005
0.008
0.009
0.009
0.007
0.010
0.004
0.004
0.006
0.005
0.011
0.009
0.014
0.004
0.012
0.009
0.012
0.007
0.006
0.007
0.008
0.018
0.016
0.006
0.007
0.013
0.008
0.008
0.023
0.013
0.009
0.011
0.008
0.008
0.008
0.010
0.013
0.007
0.005
0.014
0.021
0.038
0.006
0.007
0.007
0.015
0.014
0.005
0.007
0.073
0.009
0.089
0.005
0.008
0.011
62.506
62.504
62.504
62.520
62.505
62.510
62.509
62.540
62.504
62.509
0.005
0.048
0.005
0.011
0.004
0.004
0.022
0.008
0.006
0.007
0.006
0.009
0.006
0.008
0.005
0.009
0.011
0.004
0.011
0.005
0.005
0.010
0.013
0.007
0.007
