0.031
0.020
0.078
0.044
0.084
0.025
0.019
0.061
0.026
0.016
0.011
62.548
62.544
62.516
62.508
62.550
62.516
62.530
62.530
62.522
62.512
0.023
0.010
0.010
0.125
0.028
0.012
0.018
0.130
0.040
0.025
0.013
0.012
0.055
0.009
0.019
0.011
0.019
0.010
0.066
0.009
0.023
0.037
0.025
0.024
0.013
0.022
0.012
0.010
0.010
0.010
0.094
0.024
0.046
0.010
0.010
0.009
0.019
0.009
0.018
0.012
0.017
0.021
0.021
0.022
0.025
0.018
0.018
0.026
0.038
0.011
0.007
0.020
0.131
0.017
0.014
0.025
0.062
0.012
0.029
0.017
0.047
0.062
0.039
0.012
0.034
0.053
0.033
0.013
0.018
0.021
0.012
0.007
0.012
0.013
0.013
0.021
0.013
62.588
62.555
62.528
62.533
62.514
62.631
62.513
62.524
62.508
62.566
0.007
0.021
0.006
0.023
0.044
0.012
0.015
0.015
0.008
0.009
0.017
0.008
0.020
0.029
0.019
0.011
0.034
0.008
0.047
0.008
0.017
0.006
0.012
0.030
0.074
0.039
0.063
0.008
0.007
0.018
0.065
0.012
0.026
0.029
0.011
0.061
0.014
0.037
0.017
0.012
0.009
0.084
0.017
0.015
0.014
0.036
0.030
0.026
0.049
0.022
0.017
0.009
0.030
0.009
0.018
0.007
0.010
0.033
0.011
0.034
0.040
0.149
0.034
0.167
0.010
0.021
0.014
0.006
0.007
0.009
0.008
0.007
0.009
0.007
0.039
0.005
62.509
62.519
62.506
62.511
62.522
62.514
62.510
62.509
62.505
62.509
0.022
0.017
0.007
0.019
0.008
0.010
0.011
0.010
0.016
0.011
0.008
0.010
0.006
0.020
0.006
0.006
0.013
0.010
0.007
0.100
0.009
0.030
0.013
0.016
0.013
0.008
0.019
0.026
0.008
0.062
0.012
0.012
0.026
0.015
0.013
0.054
0.028
0.009
0.007
0.008
0.031
0.004
0.028
0.021
0.029
0.007
0.014
0.008
0.127
0.040
0.009
0.015
0.016
0.007
0.025
0.007
0.024
0.006
