9.800
8.640
9.734
10.566
8.597
9.183
8.155
8.790
8.061
8.921
8.692
8.525
8.106
7.815
8.532
6.996
70.856
68.971
69.751
69.110
7.539
7.362
7.017
7.065
6.382
6.812
5.969
6.595
5.587
5.948
5.896
5.913
6.741
6.153
6.881
7.231
6.630
5.598
8.808
7.036
6.254
5.301
8.297
7.077
5.306
7.000
7.749
5.951
67.395
69.574
67.823
5.431
4.775
7.623
5.926
5.003
7.516
7.177
5.123
5.373
7.445
6.795
4.941
5.021
7.159
5.386
4.236
6.769
5.967
4.927
4.852
6.196
5.838
4.377
5.355
6.465
5.011
4.521
6.792
5.242
66.970
67.176
68.686
5.218
3.955
4.699
5.661
4.362
4.323
5.641
4.805
4.783
5.445
6.309
4.216
5.569
5.532
5.178
4.244
6.380
6.244
4.369
4.785
5.691
5.264
4.378
5.344
5.311
4.253
4.491
5.638
68.214
66.902
67.297
68.121
5.729
4.938
5.331
4.772
4.276
4.307
6.094
5.055
3.973
4.423
4.902
5.101
4.006
4.637
4.654
5.012
4.271
5.286
4.785
5.172
3.977
4.179
7.490
4.813
4.752
4.363
5.297
4.378
66.947
66.754
67.321
67.534
4.180
6.613
4.046
4.146
4.403
5.011
4.430
4.247
3.854
4.812
4.644
3.985
5.540
3.906
4.159
4.015
4.298
3.790
3.850
3.696
4.601
3.844
3.831
5.196
3.507
4.811
3.804
5.244
66.508
66.595
65.804
67.244
5.108
4.030
5.775
3.437
3.909
3.686
5.205
4.522
3.777
4.137
4.290
4.075
3.678
5.624
3.366
3.693
3.620
3.781
4.033
3.351
3.706
4.178
4.124
3.509
4.826
3.284
3.217
3.503
66.243
66.406
66.059
65.371
3.401
3.926
2.765
4.095
3.034
2.662
2.783
3.281
3.262
2.598
2.666
3.049
2.537
2.314
3.163
2.950
2.510
2.629
3.193
2.600
2.227
3.941
3.387
2.882
3.093
3.295
2.524
3.331
65.257
65.843
65.274
2.143
3.218
2.910
2.478
2.532
2.800
2.691
2.531
2.411
2.349
