5.358852
5.550239
5.550239
5.645933
5.645933
5.741627
5.837321
5.933014
5.837321
5.645933
5.454545
5.550239
5.550239
5.645933
5.645933
5.741627
5.933014
5.933014
5.933014
5.550239
5.550239
5.550239
5.645933
5.645933
5.837321
5.837321
5.933014
5.837321
5.837321
5.454545
5.550239
5.550239
5.645933
5.645933
5.741627
5.837321
5.837321
5.837321
5.550239
5.358852
5.550239
5.645933
5.645933
5.645933
5.837321
5.837321
5.837321
5.837321
5.550239
5.358852
5.454545
5.550239
5.645933
5.645933
5.741627
5.933014
5.933014
5.933014
5.454545
5.454545
5.550239
5.645933
5.645933
5.645933
5.837321
5.933014
5.741627
5.933014
5.454545
5.550239
5.550239
5.645933
5.645933
5.741627
5.837321
5.933014
5.837321
5.741627
5.454545
5.550239
5.550239
5.645933
5.645933
5.741627
5.837321
5.933014
5.837321
5.645933
5.454545
5.550239
5.550239
5.645933
5.645933
5.741627
5.933014
5.933014
5.933014
5.550239
5.358852
5.454545
5.645933
5.645933
5.741627
5.741627
5.933014
5.933014
5.933014
5.454545
5.454545
5.454545
5.550239
5.645933
5.645933
5.837321
5.933014
5.837321
5.933014
5.454545
5.358852
5.454545
5.550239
5.645933
5.645933
5.741627
5.837321
5.933014
5.933014
5.550239
5.454545
5.454545
5.645933
5.645933
5.741627
5.837321
5.933014
5.837321
5.837321
5.454545
5.550239
5.550239
5.645933
5.645933
5.741627
5.837321
5.933014
5.933014
5.933014
5.454545
5.454545
5.454545
5.645933
5.645933
5.645933
5.837321
5.933014
5.933014
5.933014
5.454545
5.454545
5.454545
5.645933
5.645933
5.741627
5.837321
5.933014
5.741627
5.837321
5.358852
5.454545
5.550239
5.645933
5.645933
5.741627
5.837321
5.933014
5.837321
5.454545
5.358852
5.550239
5.550239
5.645933
5.645933
5.741627
5.837321
5.837321
5.933014
5.550239
5.454545
5.550239
5.550239
5.645933
5.645933
5.741627
5.933014
5.933014
5.933014
5.454545
5.358852
5.449331
5.550239
5.645933
5.741627
5.741627
5.837321
5.933014
5.933014
5.454545
5.358852
5.454545
5.550239
5.645933
5.741627
5.837321
5.933014
5.837321
5.933014
5.550239
5.555556
5.555556
5.651341
5.651341
5.747126
5.842912
5.938697
5.938697
5.938697
5.555556
5.560882
5.560882
5.656759
5.656759
5.848514
5.848514
5.944391
5.848514
5.848514
5.470250
5.566219
5.566219
5.662188
5.662188
5.758157
5.854127
5.950096
5.950096
5.662188
5.379443
5.571566
5.571566
5.667627
5.667627
5.859750
