507
544
557
535
510
599
544
527
534
545
454
502
464
521
499
498
504
509
541
504
519
519
496
577
556
509
527
494
569
549
535
586
566
565
511
541
617
521
565
485
550
548
507
512
497
567
510
503
504
579
531
550
539
501
534
480
589
546
520
579
521
568
525
464
543
544
523
528
517
553
563
519
530
492
545
535
570
455
521
550
538
480
516
586
510
566
528
545
486
538
532
513
538
549
533
535
564
570
561
503
516
501
470
535
473
542
525
586
576
525
532
493
599
534
537
590
552
538
497
562
521
480
549
486
525
552
569
616
555
493
599
530
577
527
508
526
551
541
573
458
512
616
498
531
550
547
574
535
546
532
547
571
443
539
426
552
525
518
515
465
542
521
496
608
531
553
599
528
561
508
547
556
528
546
578
550
520
511
598
491
556
533
518
520
453
449
567
501
422
551
496
574
526
512
562
525
470
548
548
537
548
547
752
497
508
584
525
528
601
492
544
496
534
522
538
514
502
515
570
586
501
598
585
464
569
508
494
543
542
559
569
578
578
530
562
607
639
526
578
685
826
582
663
489
513
607
539
527
614
499
584
648
