3.188
3.415
2.495
2.423
2.134
2.185
2.753
2.443
2.209
2.900
3.463
2.971
65.045
64.582
64.441
64.027
65.020
64.668
64.620
64.200
65.420
65.285
2.525
2.463
2.637
1.829
2.980
2.607
2.113
1.610
3.045
2.775
2.462
2.160
2.380
1.686
2.204
2.384
2.199
2.161
3.062
2.556
2.028
2.094
2.483
1.774
2.585
2.084
1.932
2.300
2.896
2.742
1.912
1.801
1.916
1.501
2.195
2.014
2.017
1.980
3.102
3.675
4.370
3.996
4.271
3.115
3.666
3.226
2.998
2.812
3.805
3.199
5.821
5.460
5.417
4.298
5.427
4.984
3.437
3.599
4.683
4.297
6.391
6.108
6.634
5.081
5.985
5.447
3.773
3.774
4.188
4.662
4.617
5.474
5.881
5.387
5.395
5.241
3.545
3.860
66.282
67.124
67.426
67.978
68.338
67.222
67.232
66.598
66.177
66.490
3.083
4.425
3.803
4.305
6.359
4.686
3.685
4.624
4.020
2.698
3.131
4.054
3.664
4.274
6.381
4.949
4.138
4.946
5.197
3.601
3.980
3.907
4.133
4.262
5.451
5.237
4.555
4.298
5.604
4.864
3.541
2.917
3.582
4.225
5.176
5.524
4.497
4.051
5.178
4.882
3.829
3.057
3.951
3.403
4.892
5.790
5.087
3.949
5.664
4.811
4.407
3.456
3.727
3.110
4.515
5.250
4.829
4.406
5.404
5.188
4.383
2.996
3.755
2.787
4.858
5.624
4.982
4.343
5.479
4.513
3.564
3.519
3.401
3.247
4.147
5.371
4.777
4.165
67.861
66.693
65.871
65.628
66.174
65.494
66.976
67.935
67.206
66.365
4.798
4.417
3.968
3.894
4.060
4.130
4.775
5.343
5.231
4.251
4.479
5.111
4.822
4.429
4.194
5.028
5.446
5.303
4.559
3.944
4.463
4.642
4.773
4.506
3.696
4.305
5.634
5.009
4.843
3.816
4.371
3.875
4.447
3.775
3.553
4.152
4.940
4.805
4.727
3.973
4.160
3.756
4.108
3.521
3.495
4.009
4.967
4.615
4.000
3.585
4.050
3.600
3.504
4.100
