534
530
534
543
530
521
554
519
485
486
565
551
478
537
456
580
533
520
580
567
555
568
524
493
506
551
532
536
607
533
560
528
491
555
557
518
547
566
519
512
532
528
524
475
551
550
549
546
521
557
534
547
583
500
541
549
516
553
480
503
490
523
536
519
475
511
565
560
479
509
526
546
494
491
564
513
469
517
515
528
559
442
574
560
520
491
506
583
509
519
500
551
562
577
499
553
502
541
529
508
555
592
505
558
557
558
519
557
573
510
547
498
552
577
515
517
547
501
545
563
563
528
512
519
493
557
538
522
477
549
556
554
544
498
573
538
516
500
494
535
512
519
533
550
461
489
557
530
557
525
518
493
561
500
556
522
580
515
513
487
554
513
534
548
525
490
522
545
532
540
482
536
516
569
544
459
541
487
490
584
608
591
486
508
563
569
587
556
506
523
557
518
565
504
477
526
478
593
534
588
515
527
481
531
497
901
551
533
598
578
532
464
548
520
574
542
521
477
704
525
562
491
507
534
493
524
688
516
526
509
548
527
540
537
465
557
538
534
570
564
470
494
549
503
526
746
552
525
503
557
512
530
