0.005
0.032
0.025
0.006
0.006
0.047
0.006
0.022
0.006
0.045
0.013
0.005
0.005
0.008
0.020
0.028
0.008
0.008
0.004
0.007
0.008
0.039
0.006
0.020
0.016
0.008
0.017
0.012
0.010
0.007
0.013
0.006
0.008
0.013
0.032
0.013
0.012
0.031
0.009
0.005
0.011
0.005
0.005
0.009
0.012
0.004
0.008
0.022
0.009
0.007
0.006
0.026
0.028
0.004
0.045
0.014
0.009
0.023
0.032
0.004
0.004
0.008
62.533
62.581
62.509
62.514
62.507
62.513
62.530
62.511
62.506
62.505
0.032
0.007
0.005
0.008
0.010
0.013
0.007
0.018
0.005
0.008
0.015
0.013
0.006
0.012
0.006
0.005
0.004
0.006
0.007
0.014
0.004
0.011
0.005
0.023
0.010
0.016
0.006
0.010
0.017
0.015
0.006
0.007
0.018
0.013
0.016
0.005
0.010
0.008
0.015
0.013
0.012
0.009
0.072
0.015
0.012
0.015
0.004
0.015
0.013
0.007
0.006
0.007
0.017
0.006
0.007
0.004
0.006
0.006
0.014
0.021
0.010
0.007
0.006
0.007
0.009
0.017
0.004
0.013
0.007
0.010
0.008
0.011
0.011
0.138
0.019
0.006
0.005
62.506
62.510
62.507
62.506
62.510
62.510
62.505
62.504
62.509
62.505
0.007
0.007
0.017
0.037
0.006
0.007
0.007
0.005
0.056
0.012
0.026
0.013
0.004
0.007
0.004
0.012
0.010
0.011
0.004
0.006
0.015
0.004
0.014
0.025
0.009
0.005
0.009
0.008
0.012
0.013
0.012
0.017
0.006
0.027
0.006
0.005
0.004
0.004
0.009
0.011
0.011
0.004
0.013
0.008
0.005
0.026
0.005
0.006
0.008
0.004
0.007
0.007
0.007
0.003
0.013
0.005
0.008
0.005
0.008
0.006
0.003
0.007
0.044
0.011
0.015
0.005
0.011
0.007
0.008
0.005
0.010
0.009
0.007
0.012
0.018
0.024
62.510
62.507
62.505
62.507
62.509
62.508
62.515
62.504
62.510
62.506
0.007
0.007
0.013
0.006
0.004
0.007
0.006
