26.935
26.032
26.835
29.967
29.013
26.584
26.298
26.850
27.234
27.070
26.167
25.315
27.537
27.872
26.777
27.102
26.233
26.114
25.678
26.067
25.605
24.691
26.757
26.058
25.047
27.302
27.054
26.668
24.683
26.721
27.166
24.552
26.419
25.594
24.488
24.830
25.770
26.443
26.084
28.266
26.188
23.502
25.162
23.692
22.966
26.282
23.404
25.938
25.794
88.968
90.920
83.365
84.715
85.294
83.938
87.876
86.816
86.766
85.069
25.064
25.985
22.078
24.595
21.063
21.776
24.078
24.182
21.805
21.817
20.678
24.231
24.337
24.460
21.475
22.820
21.915
20.365
22.660
20.582
22.058
23.719
22.158
23.114
21.131
21.941
22.421
22.017
22.961
24.295
22.941
23.404
22.422
23.300
19.570
21.958
22.641
22.835
22.103
21.663
22.497
22.526
22.502
22.432
19.318
19.655
22.337
21.740
20.471
19.999
21.648
22.762
21.082
19.501
20.005
19.662
21.449
21.202
19.929
20.892
20.755
22.711
21.604
20.091
20.239
19.809
20.137
20.988
20.157
20.284
21.022
20.936
21.958
20.048
19.856
19.945
18.906
20.651
78.715
80.990
82.678
81.279
82.903
78.460
80.086
81.668
78.628
80.909
82.637
20.353
20.814
21.846
22.583
21.284
19.563
20.906
19.366
20.710
21.493
22.185
19.374
21.004
20.944
20.740
20.452
18.704
19.927
20.052
19.577
20.017
18.602
17.968
19.381
22.664
20.677
19.162
20.111
18.968
19.699
20.142
21.358
18.500
22.663
19.722
19.193
17.986
19.268
19.045
19.039
21.098
21.692
18.476
22.297
19.430
20.946
20.622
19.725
19.901
18.765
21.775
20.835
20.521
22.856
23.087
21.440
20.727
21.347
18.838
17.832
20.771
19.483
19.395
22.205
20.926
23.671
21.873
22.688
17.563
18.582
20.807
19.060
18.678
21.010
23.747
21.388
22.978
22.412
78.347
77.702
79.166
78.363
78.436
82.537
82.398
78.401
77.769
79.425
22.709
20.700
25.019
22.119
23.157
20.348
22.295
20.270
26.473
22.381
22.561
21.271
22.470
25.019
23.766
24.637
