11.647
11.037
12.415
12.590
12.403
14.828
14.695
13.235
12.771
11.042
11.228
12.053
11.424
11.822
11.717
15.038
13.708
12.412
11.767
10.448
10.335
11.420
73.959
73.571
73.441
75.863
75.618
74.828
73.852
72.397
71.824
71.899
10.707
10.783
10.009
12.951
12.888
11.487
10.885
9.721
8.855
10.078
10.001
10.576
10.114
12.127
12.326
10.911
10.182
9.388
8.522
8.848
9.649
10.156
9.390
9.421
11.588
10.745
9.733
9.160
8.438
8.800
8.909
9.898
9.117
9.116
10.872
10.144
9.579
8.966
7.859
8.294
8.379
8.976
8.737
8.337
9.912
9.739
8.709
8.455
7.407
7.632
6.846
7.742
8.312
8.097
9.401
9.494
8.541
7.838
6.929
7.367
7.456
7.897
7.717
7.432
9.636
8.768
7.632
7.400
6.635
7.316
6.137
6.819
7.097
7.281
8.392
8.428
7.845
7.265
69.004
69.272
68.923
69.308
69.912
69.338
70.145
70.913
69.943
69.140
6.697
5.885
6.723
6.693
7.124
6.608
7.187
8.583
7.201
6.719
6.415
5.741
5.740
6.684
7.247
6.710
5.782
7.693
7.009
6.459
6.387
5.750
6.574
6.345
6.209
6.649
5.492
6.796
6.825
6.346
6.003
5.360
5.986
5.032
5.629
5.883
5.836
6.452
6.589
5.947
5.825
5.394
5.803
6.012
5.799
5.797
5.426
6.237
6.462
5.492
5.574
5.121
5.296
5.694
5.189
5.627
5.345
6.180
5.851
5.192
5.031
4.777
5.368
4.721
5.221
5.681
4.888
5.722
5.549
4.992
5.028
4.315
4.929
4.734
4.693
5.008
4.729
5.387
67.762
67.396
67.297
66.548
66.956
67.271
66.746
68.402
67.143
67.856
5.689
4.819
4.610
4.620
4.395
5.289
4.572
5.247
4.768
4.528
5.178
4.877
4.668
4.630
4.638
4.847
4.597
4.788
4.550
4.277
4.805
4.327
4.360
4.261
4.054
4.616
4.533
4.859
4.047
4.097
4.889
4.239
4.173
4.282
4.089
4.189
4.195
4.957
4.136
4.221
4.970
3.988
3.933
4.219
